    0.000000       0.000000
    1.000000       9.732049
    2.000000      18.862377
    3.000000      26.929832
    4.000000      33.694122
    5.000000      39.125931
    6.000000      43.342125
    7.000000      46.531536
    8.000000      48.898663
    9.000000      50.631290
   10.000000      51.886875
   11.000000      52.790276
   12.000000      53.436974
   13.000000      53.898232
   14.000000      54.226383
   15.000000      54.459415
   16.000000      54.624683
   17.000000      54.741787
   18.000000      54.824711
   19.000000      54.883404
   20.000000      54.924931
