    0.000000       0.000000
    1.000000       9.810000
    2.000000      19.308197
    3.000000      27.910305
    4.000000      35.196392
    5.000000      40.992725
    6.000000      45.358219
    7.000000      48.502346
    8.000000      50.690319
    9.000000      52.175114
   10.000000      53.165047
   11.000000      53.817116
   12.000000      54.243164
   13.000000      54.520046
   14.000000      54.699356
   15.000000      54.815212
   16.000000      54.889961
   17.000000      54.938141
   18.000000      54.969177
   19.000000      54.989159
   20.000000      55.002022
