    0.000000       0.000000
    0.020000       0.196200
    0.040000       0.392397
    0.060000       0.588588
    0.080000       0.784765
    0.100000       0.980925
    0.120000       1.177063
    0.140000       1.373173
    0.160000       1.569251
    0.180000       1.765291
    0.200000       1.961289
    0.220000       2.157240
    0.240000       2.353138
    0.260000       2.548980
    0.280000       2.744759
    0.300000       2.940471
    0.320000       3.136110
    0.340000       3.331673
    0.360000       3.527154
    0.380000       3.722548
    0.400000       3.917850
    0.420000       4.113055
    0.440000       4.308158
    0.460000       4.503156
    0.480000       4.698041
    0.500000       4.892811
    0.520000       5.087460
    0.540000       5.281983
    0.560000       5.476375
    0.580000       5.670632
    0.600000       5.864748
    0.620000       6.058719
    0.640000       6.252541
    0.660000       6.446208
    0.680000       6.639715
    0.700000       6.833058
    0.720000       7.026232
    0.740000       7.219233
    0.760000       7.412056
    0.780000       7.604696
    0.800000       7.797148
    0.820000       7.989408
    0.840000       8.181472
    0.860000       8.373334
    0.880000       8.564991
    0.900000       8.756437
    0.920000       8.947669
    0.940000       9.138681
    0.960000       9.329470
    0.980000       9.520030
    1.000000       9.710357
    1.020000       9.900447
    1.040000      10.090295
    1.060000      10.279898
    1.080000      10.469250
    1.100000      10.658347
    1.120000      10.847186
    1.140000      11.035762
    1.160000      11.224070
    1.180000      11.412107
    1.200000      11.599867
    1.220000      11.787348
    1.240000      11.974545
    1.260000      12.161453
    1.280000      12.348069
    1.300000      12.534389
    1.320000      12.720407
    1.340000      12.906122
    1.360000      13.091529
    1.380000      13.276623
    1.400000      13.461401
    1.420000      13.645859
    1.440000      13.829992
    1.460000      14.013798
    1.480000      14.197272
    1.500000      14.380411
    1.520000      14.563210
    1.540000      14.745667
    1.560000      14.927777
    1.580000      15.109537
    1.600000      15.290943
    1.620000      15.471992
    1.640000      15.652680
    1.660000      15.833004
    1.680000      16.012960
    1.700000      16.192545
    1.720000      16.371754
    1.740000      16.550585
    1.760000      16.729034
    1.780000      16.907099
    1.800000      17.084776
    1.820000      17.262062
    1.840000      17.438953
    1.860000      17.615446
    1.880000      17.791538
    1.900000      17.967226
    1.920000      18.142508
    1.940000      18.317379
    1.960000      18.491837
    1.980000      18.665878
    2.000000      18.839500
    2.020000      19.012701
    2.040000      19.185476
    2.060000      19.357824
    2.080000      19.529741
    2.100000      19.701225
    2.120000      19.872274
    2.140000      20.042885
    2.160000      20.213053
    2.180000      20.382778
    2.200000      20.552057
    2.220000      20.720886
    2.240000      20.889263
    2.260000      21.057186
    2.280000      21.224653
    2.300000      21.391663
    2.320000      21.558210
    2.340000      21.724295
    2.360000      21.889914
    2.380000      22.055063
    2.400000      22.219744
    2.420000      22.383951
    2.440000      22.547684
    2.460000      22.710939
    2.480000      22.873716
    2.500000      23.036013
    2.520000      23.197826
    2.540000      23.359156
    2.560000      23.519997
    2.580000      23.680349
    2.600000      23.840212
    2.620000      23.999582
    2.640000      24.158459
    2.660000      24.316839
    2.680000      24.474722
    2.700000      24.632107
    2.720000      24.788990
    2.740000      24.945372
    2.760000      25.101248
    2.780000      25.256618
    2.800000      25.411482
    2.820000      25.565838
    2.840000      25.719685
    2.860000      25.873020
    2.880000      26.025843
    2.900000      26.178150
    2.920000      26.329943
    2.940000      26.481218
    2.960000      26.631977
    2.980000      26.782217
    3.000000      26.931936
    3.020000      27.081135
    3.040000      27.229811
    3.060000      27.377964
    3.080000      27.525593
    3.100000      27.672697
    3.120000      27.819275
    3.140000      27.965326
    3.160000      28.110849
    3.180000      28.255842
    3.200000      28.400307
    3.220000      28.544241
    3.240000      28.687643
    3.260000      28.830513
    3.280000      28.972851
    3.300000      29.114656
    3.320000      29.255928
    3.340000      29.396666
    3.360000      29.536867
    3.380000      29.676535
    3.400000      29.815666
    3.420000      29.954260
    3.440000      30.092318
    3.460000      30.229837
    3.480000      30.366821
    3.500000      30.503267
    3.520000      30.639174
    3.540000      30.774542
    3.560000      30.909372
    3.580000      31.043663
    3.600000      31.177414
    3.620000      31.310627
    3.640000      31.443300
    3.660000      31.575434
    3.680000      31.707027
    3.700000      31.838081
    3.720000      31.968596
    3.740000      32.098572
    3.760000      32.228008
    3.780000      32.356903
    3.800000      32.485260
    3.820000      32.613075
    3.840000      32.740353
    3.860000      32.867092
    3.880000      32.993294
    3.900000      33.118954
    3.920000      33.244076
    3.940000      33.368660
    3.960000      33.492706
    3.980000      33.616215
    4.000000      33.739189
    4.020000      33.861626
    4.040000      33.983524
    4.060000      34.104889
    4.080000      34.225716
    4.100000      34.346008
    4.120000      34.465767
    4.140000      34.584991
    4.160000      34.703682
    4.180000      34.821842
    4.200000      34.939468
    4.220000      35.056564
    4.240000      35.173126
    4.260000      35.289158
    4.280000      35.404659
    4.300000      35.519634
    4.320000      35.634079
    4.340000      35.747997
    4.360000      35.861389
    4.380000      35.974255
    4.400000      36.086594
    4.420000      36.198410
    4.440000      36.309700
    4.460000      36.420467
    4.480000      36.530712
    4.500000      36.640438
    4.520000      36.749641
    4.540000      36.858326
    4.560000      36.966492
    4.580000      37.074142
    4.600000      37.181274
    4.620000      37.287891
    4.640000      37.393993
    4.660000      37.499584
    4.680000      37.604660
    4.700000      37.709225
    4.720000      37.813278
    4.740000      37.916824
    4.760000      38.019863
    4.780000      38.122395
    4.800000      38.224419
    4.820000      38.325939
    4.840000      38.426956
    4.860000      38.527470
    4.880000      38.627483
    4.900000      38.726997
    4.920000      38.826012
    4.940000      38.924530
    4.960000      39.022549
    4.980000      39.120075
    5.000000      39.217106
    5.020000      39.313644
    5.040000      39.409691
    5.060000      39.505249
    5.080000      39.600319
    5.100000      39.694901
    5.120000      39.788998
    5.140000      39.882610
    5.160000      39.975739
    5.180000      40.068386
    5.200000      40.160553
    5.220000      40.252239
    5.240000      40.343449
    5.260000      40.434181
    5.280000      40.524437
    5.300000      40.614220
    5.320000      40.703529
    5.340000      40.792370
    5.360000      40.880741
    5.380000      40.968643
    5.400000      41.056080
    5.420000      41.143051
    5.440000      41.229561
    5.460000      41.315609
    5.480000      41.401196
    5.500000      41.486324
    5.520000      41.570995
    5.540000      41.655212
    5.560000      41.738976
    5.580000      41.822285
    5.600000      41.905144
    5.620000      41.987553
    5.640000      42.069511
    5.660000      42.151024
    5.680000      42.232094
    5.700000      42.312721
    5.720000      42.392906
    5.740000      42.472649
    5.760000      42.551952
    5.780000      42.630821
    5.800000      42.709255
    5.820000      42.787254
    5.840000      42.864822
    5.860000      42.941959
    5.880000      43.018669
    5.900000      43.094952
    5.920000      43.170807
    5.940000      43.246239
    5.960000      43.321247
    5.980000      43.395836
    6.000000      43.470005
    6.020000      43.543755
    6.040000      43.617088
    6.060000      43.690010
    6.080000      43.762520
    6.100000      43.834618
    6.120000      43.906307
    6.140000      43.977589
    6.160000      44.048462
    6.180000      44.118931
    6.200000      44.188999
    6.220000      44.258667
    6.240000      44.327934
    6.260000      44.396805
    6.280000      44.465279
    6.300000      44.533360
    6.320000      44.601048
    6.340000      44.668343
    6.360000      44.735249
    6.380000      44.801769
    6.400000      44.867905
    6.420000      44.933655
    6.440000      44.999020
    6.460000      45.064007
    6.480000      45.128613
    6.500000      45.192841
    6.520000      45.256695
    6.540000      45.320175
    6.560000      45.383282
    6.580000      45.446018
    6.600000      45.508385
    6.620000      45.570381
    6.640000      45.632015
    6.660000      45.693283
    6.680000      45.754189
    6.700000      45.814732
    6.720000      45.874916
    6.740000      45.934746
    6.760000      45.994217
    6.780000      46.053333
    6.800000      46.112099
    6.820000      46.170513
    6.840000      46.228577
    6.860000      46.286293
    6.880000      46.343662
    6.900000      46.400688
    6.920000      46.457371
    6.940000      46.513714
    6.960000      46.569717
    6.980000      46.625381
    7.000000      46.680710
    7.020000      46.735706
    7.040000      46.790367
    7.060000      46.844700
    7.080000      46.898701
    7.100000      46.952374
    7.120000      47.005722
    7.140000      47.058743
    7.160000      47.111443
    7.180000      47.163818
    7.200000      47.215874
    7.220000      47.267612
    7.240000      47.319035
    7.260000      47.370140
    7.280000      47.420933
    7.300000      47.471413
    7.320000      47.521584
    7.340000      47.571445
    7.360000      47.621002
    7.380000      47.670250
    7.400000      47.719196
    7.420000      47.767838
    7.440000      47.816177
    7.460000      47.864220
    7.480000      47.911964
    7.500000      47.959412
    7.520000      48.006565
    7.540000      48.053425
    7.560000      48.099995
    7.580000      48.146275
    7.600000      48.192265
    7.620000      48.237968
    7.640000      48.283386
    7.660000      48.328518
    7.680000      48.373367
    7.700000      48.417938
    7.720000      48.462227
    7.740000      48.506237
    7.760000      48.549973
    7.780000      48.593433
    7.800000      48.636620
    7.820000      48.679535
    7.840000      48.722179
    7.860000      48.764553
    7.880000      48.806660
    7.900000      48.848499
    7.920000      48.890076
    7.940000      48.931389
    7.960000      48.972439
    7.980000      49.013229
    8.000000      49.053761
    8.020000      49.094032
    8.040000      49.134048
    8.059999      49.173813
    8.080000      49.213322
    8.099999      49.252579
    8.120000      49.291584
    8.139999      49.330341
    8.160000      49.368851
    8.179999      49.407116
    8.200000      49.445133
    8.220000      49.482910
    8.240000      49.520443
    8.260000      49.557735
    8.280000      49.594788
    8.300000      49.631603
    8.320000      49.668182
    8.340000      49.704525
    8.360000      49.740635
    8.380000      49.776512
    8.400000      49.812157
    8.420000      49.847572
    8.440000      49.882759
    8.460000      49.917717
    8.480000      49.952450
    8.500000      49.986958
    8.520000      50.021240
    8.540000      50.055302
    8.559999      50.089142
    8.580000      50.122765
    8.599999      50.156170
    8.620000      50.189358
    8.639999      50.222328
    8.660000      50.255085
    8.679999      50.287628
    8.700000      50.319958
    8.720000      50.352077
    8.740000      50.383987
    8.760000      50.415691
    8.780000      50.447186
    8.800000      50.478474
    8.820000      50.509560
    8.840000      50.540440
    8.860000      50.571117
    8.880000      50.601597
    8.900000      50.631874
    8.920000      50.661953
    8.940000      50.691833
    8.960000      50.721519
    8.980000      50.751011
    9.000000      50.780308
    9.020000      50.809410
    9.040000      50.838322
    9.059999      50.867043
    9.080000      50.895576
    9.099999      50.923920
    9.120000      50.952076
    9.139999      50.980049
    9.160000      51.007835
    9.179999      51.035439
    9.200000      51.062859
    9.220000      51.090099
    9.240000      51.117157
    9.260000      51.144035
    9.280000      51.170738
    9.300000      51.197262
    9.320000      51.223610
    9.340000      51.249783
    9.360000      51.275784
    9.380000      51.301613
    9.400000      51.327271
    9.420000      51.352757
    9.440000      51.378071
    9.460000      51.403217
    9.480000      51.428196
    9.500000      51.453011
    9.520000      51.477657
    9.540000      51.502140
    9.559999      51.526459
    9.580000      51.550617
    9.599999      51.574612
    9.620000      51.598446
    9.639999      51.622124
    9.660000      51.645641
    9.679999      51.669003
    9.700000      51.692207
    9.719999      51.715256
    9.740000      51.738152
    9.760000      51.760891
    9.780000      51.783478
    9.800000      51.805916
    9.820000      51.828201
    9.840000      51.850338
    9.860000      51.872326
    9.880000      51.894165
    9.900000      51.915859
    9.920000      51.937408
    9.940000      51.958813
    9.960000      51.980072
    9.980000      52.001186
   10.000000      52.022160
   10.020000      52.042992
   10.040000      52.063683
   10.059999      52.084232
   10.080000      52.104645
   10.099999      52.124920
   10.120000      52.145058
   10.139999      52.165058
   10.160000      52.184925
   10.179999      52.204659
   10.200000      52.224258
   10.219999      52.243725
   10.240000      52.263058
   10.260000      52.282261
   10.280000      52.301334
   10.300000      52.320278
   10.320000      52.339092
   10.340000      52.357780
   10.360000      52.376343
   10.380000      52.394779
   10.400000      52.413090
   10.420000      52.431274
   10.440000      52.449337
   10.460000      52.467278
   10.480000      52.485096
   10.500000      52.502792
   10.520000      52.520367
   10.540000      52.537823
   10.559999      52.555161
   10.580000      52.572380
   10.599999      52.589481
   10.620000      52.606468
   10.639999      52.623337
   10.660000      52.640091
   10.679999      52.656731
   10.700000      52.673256
   10.719999      52.689671
   10.740000      52.705975
   10.760000      52.722164
   10.780000      52.738243
   10.800000      52.754215
   10.820000      52.770077
   10.840000      52.785828
   10.860000      52.801472
   10.880000      52.817009
   10.900000      52.832439
   10.920000      52.847767
   10.940000      52.862988
   10.960000      52.878105
   10.980000      52.893120
   11.000000      52.908031
   11.020000      52.922840
   11.040000      52.937546
   11.059999      52.952152
   11.080000      52.966656
   11.099999      52.981060
   11.120000      52.995365
   11.139999      53.009575
   11.160000      53.023685
   11.179999      53.037701
   11.200000      53.051617
   11.219999      53.065437
   11.240000      53.079163
   11.259999      53.092796
   11.280000      53.106335
   11.300000      53.119781
   11.320000      53.133133
   11.340000      53.146393
   11.360000      53.159561
   11.380000      53.172642
   11.400000      53.185631
   11.420000      53.198532
   11.440000      53.211342
   11.460000      53.224064
   11.480000      53.236698
   11.500000      53.249245
   11.520000      53.261707
   11.540000      53.274082
   11.559999      53.286373
   11.580000      53.298576
   11.599999      53.310696
   11.620000      53.322731
   11.639999      53.334682
   11.660000      53.346554
   11.679999      53.358341
   11.700000      53.370049
   11.719999      53.381676
   11.740000      53.393223
   11.759999      53.404690
   11.780000      53.416077
   11.800000      53.427383
   11.820000      53.438614
   11.840000      53.449764
   11.860000      53.460838
   11.880000      53.471836
   11.900000      53.482758
   11.920000      53.493603
   11.940000      53.504372
   11.960000      53.515068
   11.980000      53.525688
   12.000000      53.536236
   12.020000      53.546711
   12.040000      53.557114
   12.059999      53.567444
   12.080000      53.577702
   12.099999      53.587887
   12.120000      53.598003
   12.139999      53.608051
   12.160000      53.618027
   12.179999      53.627934
   12.200000      53.637772
   12.219999      53.647541
   12.240000      53.657242
   12.259999      53.666878
   12.280000      53.676445
   12.300000      53.685947
   12.320000      53.695381
   12.340000      53.704750
   12.360000      53.714054
   12.380000      53.723293
   12.400000      53.732468
   12.420000      53.741577
   12.440000      53.750626
   12.460000      53.759609
   12.480000      53.768532
   12.500000      53.777393
   12.520000      53.786190
   12.540000      53.794926
   12.559999      53.803600
   12.580000      53.812214
   12.599999      53.820770
   12.620000      53.829266
   12.639999      53.837700
   12.660000      53.846077
   12.679999      53.854397
   12.700000      53.862659
   12.719999      53.870861
   12.740000      53.879005
   12.759999      53.887093
   12.780000      53.895126
   12.799999      53.903103
   12.820000      53.911022
   12.840000      53.918888
   12.860000      53.926697
   12.880000      53.934452
   12.900000      53.942154
   12.920000      53.949802
   12.940000      53.957397
   12.960000      53.964939
   12.980000      53.972427
   13.000000      53.979862
   13.020000      53.987247
   13.040000      53.994579
   13.059999      54.001862
   13.080000      54.009090
   13.099999      54.016270
   13.120000      54.023399
   13.139999      54.030479
   13.160000      54.037510
   13.179999      54.044491
   13.200000      54.051422
   13.219999      54.058304
   13.240000      54.065140
   13.259999      54.071926
   13.280000      54.078667
   13.299999      54.085358
   13.320000      54.092003
   13.340000      54.098602
   13.360000      54.105156
   13.380000      54.111664
   13.400000      54.118126
   13.420000      54.124542
   13.440000      54.130913
   13.460000      54.137238
   13.480000      54.143520
   13.500000      54.149757
   13.520000      54.155952
   13.540000      54.162102
   13.559999      54.168209
   13.580000      54.174274
   13.599999      54.180298
   13.620000      54.186275
   13.639999      54.192211
   13.660000      54.198109
   13.679999      54.203964
   13.700000      54.209778
   13.719999      54.215549
   13.740000      54.221283
   13.759999      54.226974
   13.780000      54.232624
   13.799999      54.238235
   13.820000      54.243809
   13.840000      54.249340
   13.860000      54.254833
   13.880000      54.260288
   13.900000      54.265705
   13.920000      54.271084
   13.940000      54.276424
   13.960000      54.281727
   13.980000      54.286995
   14.000000      54.292225
   14.020000      54.297417
   14.040000      54.302574
   14.059999      54.307693
   14.080000      54.312778
   14.099999      54.317825
   14.120000      54.322838
   14.139999      54.327816
   14.160000      54.332760
   14.179999      54.337666
   14.200000      54.342537
   14.219999      54.347374
   14.240000      54.352177
   14.259999      54.356949
   14.280000      54.361687
   14.299999      54.366390
   14.320000      54.371059
   14.340000      54.375698
   14.360000      54.380302
   14.380000      54.384876
   14.400000      54.389416
   14.420000      54.393925
   14.440000      54.398399
   14.460000      54.402843
   14.480000      54.407257
   14.500000      54.411640
   14.520000      54.415993
   14.540000      54.420315
   14.559999      54.424606
   14.580000      54.428867
   14.599999      54.433098
   14.620000      54.437298
   14.639999      54.441467
   14.660000      54.445610
   14.679999      54.449722
   14.700000      54.453804
   14.719999      54.457859
   14.740000      54.461884
   14.759999      54.465881
   14.780000      54.469849
   14.799999      54.473789
   14.820000      54.477703
   14.839999      54.481586
   14.860000      54.485443
   14.880000      54.489273
   14.900000      54.493076
   14.920000      54.496853
   14.940000      54.500603
   14.960000      54.504326
   14.980000      54.508022
   15.000000      54.511692
   15.020000      54.515339
   15.040000      54.518959
   15.059999      54.522552
   15.080000      54.526119
   15.099999      54.529663
   15.120000      54.533180
   15.139999      54.536674
   15.160000      54.540142
   15.179999      54.543587
   15.200000      54.547005
   15.219999      54.550400
   15.240000      54.553772
   15.259999      54.557121
   15.280000      54.560444
   15.299999      54.563744
   15.320000      54.567020
   15.339999      54.570274
   15.360000      54.573505
   15.380000      54.576714
   15.400000      54.579899
   15.420000      54.583061
   15.440000      54.586201
   15.460000      54.589317
   15.480000      54.592415
   15.500000      54.595490
   15.520000      54.598541
   15.540000      54.601574
   15.559999      54.604584
   15.580000      54.607571
   15.599999      54.610538
   15.620000      54.613483
   15.639999      54.616409
   15.660000      54.619312
   15.679999      54.622196
   15.700000      54.625061
   15.719999      54.627903
   15.740000      54.630726
   15.759999      54.633530
   15.780000      54.636314
   15.799999      54.639080
   15.820000      54.641823
   15.839999      54.644547
   15.860000      54.647251
   15.880000      54.649937
   15.900000      54.652603
   15.920000      54.655251
   15.940000      54.657879
   15.960000      54.660488
   15.980000      54.663082
   16.000000      54.665657
   16.020000      54.668213
   16.039999      54.670750
   16.059999      54.673271
   16.080000      54.675774
   16.100000      54.678257
   16.119999      54.680725
   16.139999      54.683174
   16.160000      54.685604
   16.180000      54.688019
   16.199999      54.690414
   16.219999      54.692795
   16.240000      54.695160
   16.260000      54.697506
   16.279999      54.699837
   16.299999      54.702152
   16.320000      54.704449
   16.340000      54.706730
   16.359999      54.708996
   16.379999      54.711246
   16.400000      54.713478
   16.420000      54.715694
   16.440001      54.717896
   16.459999      54.720081
   16.480000      54.722252
   16.500000      54.724407
   16.520000      54.726547
   16.539999      54.728672
   16.559999      54.730782
   16.580000      54.732876
   16.600000      54.734955
   16.619999      54.737019
   16.639999      54.739067
   16.660000      54.741104
   16.680000      54.743126
   16.699999      54.745132
   16.719999      54.747124
   16.740000      54.749104
   16.760000      54.751068
   16.779999      54.753017
   16.799999      54.754955
   16.820000      54.756878
   16.840000      54.758785
   16.859999      54.760681
   16.879999      54.762562
   16.900000      54.764431
   16.920000      54.766285
   16.940001      54.768127
   16.959999      54.769958
   16.980000      54.771774
   17.000000      54.773579
   17.020000      54.775368
   17.039999      54.777145
   17.059999      54.778912
   17.080000      54.780663
   17.100000      54.782402
   17.119999      54.784130
   17.139999      54.785847
   17.160000      54.787552
   17.180000      54.789242
   17.199999      54.790920
   17.219999      54.792587
   17.240000      54.794243
   17.260000      54.795887
   17.279999      54.797520
   17.299999      54.799141
   17.320000      54.800751
   17.340000      54.802349
   17.359999      54.803936
   17.379999      54.805511
   17.400000      54.807076
   17.420000      54.808628
   17.440001      54.810169
   17.459999      54.811699
   17.480000      54.813217
   17.500000      54.814728
   17.520000      54.816227
   17.539999      54.817715
   17.559999      54.819191
   17.580000      54.820656
   17.600000      54.822113
   17.619999      54.823559
   17.639999      54.824993
   17.660000      54.826420
   17.680000      54.827835
   17.699999      54.829239
   17.719999      54.830635
   17.740000      54.832020
   17.760000      54.833397
   17.779999      54.834763
   17.799999      54.836117
   17.820000      54.837463
   17.840000      54.838799
   17.859999      54.840126
   17.879999      54.841442
   17.900000      54.842751
   17.920000      54.844051
   17.940001      54.845341
   17.959999      54.846622
   17.980000      54.847893
   18.000000      54.849155
   18.020000      54.850410
   18.039999      54.851654
   18.059999      54.852890
   18.080000      54.854118
   18.100000      54.855335
   18.119999      54.856544
   18.139999      54.857746
   18.160000      54.858940
   18.180000      54.860123
   18.199999      54.861298
   18.219999      54.862465
   18.240000      54.863625
   18.260000      54.864777
   18.279999      54.865921
   18.299999      54.867054
   18.320000      54.868179
   18.340000      54.869297
   18.359999      54.870407
   18.379999      54.871510
   18.400000      54.872604
   18.420000      54.873692
   18.440001      54.874771
   18.459999      54.875843
   18.480000      54.876907
   18.500000      54.877964
   18.520000      54.879013
   18.539999      54.880054
   18.559999      54.881088
   18.580000      54.882114
   18.600000      54.883133
   18.619999      54.884144
   18.639999      54.885147
   18.660000      54.886147
   18.680000      54.887138
   18.699999      54.888123
   18.719999      54.889099
   18.740000      54.890068
   18.760000      54.891029
   18.779999      54.891987
   18.799999      54.892937
   18.820000      54.893879
   18.840000      54.894814
   18.859999      54.895744
   18.879999      54.896667
   18.900000      54.897583
   18.920000      54.898491
   18.939999      54.899395
   18.959999      54.900291
   18.980000      54.901180
   19.000000      54.902065
   19.020000      54.902943
   19.039999      54.903812
   19.059999      54.904678
   19.080000      54.905537
   19.100000      54.906391
   19.119999      54.907238
   19.139999      54.908077
   19.160000      54.908913
   19.180000      54.909740
   19.199999      54.910564
   19.219999      54.911381
   19.240000      54.912193
   19.260000      54.912998
   19.279999      54.913799
   19.299999      54.914593
   19.320000      54.915382
   19.340000      54.916164
   19.359999      54.916943
   19.379999      54.917713
   19.400000      54.918480
   19.420000      54.919239
   19.439999      54.919994
   19.459999      54.920746
   19.480000      54.921490
   19.500000      54.922230
   19.520000      54.922962
   19.539999      54.923691
   19.559999      54.924416
   19.580000      54.925133
   19.600000      54.925846
   19.619999      54.926556
   19.639999      54.927258
   19.660000      54.927956
   19.680000      54.928650
   19.699999      54.929337
   19.719999      54.930019
   19.740000      54.930698
   19.760000      54.931374
   19.779999      54.932041
   19.799999      54.932705
   19.820000      54.933365
   19.840000      54.934021
   19.859999      54.934669
   19.879999      54.935314
   19.900000      54.935955
   19.920000      54.936592
   19.939999      54.937225
   19.959999      54.937851
   19.980000      54.938473
   20.000000      54.939091
