    0.000000       0.000000
    0.400000       3.924000
    0.800000       7.828045
    1.200000      11.672628
    1.600000      15.420048
    2.000000      19.035889
    2.400000      22.490263
    2.800000      25.758732
    3.200000      28.822821
    3.600000      31.670162
    4.000000      34.294277
    4.400000      36.694054
    4.800000      38.873051
    5.200000      40.838646
    5.600000      42.601185
    6.000000      44.173126
    6.400000      45.568287
    6.800000      46.801182
    7.200000      47.886486
    7.600000      48.838608
    8.000000      49.671375
    8.400001      50.397827
    8.800000      51.030064
    9.200000      51.579193
    9.600000      52.055298
   10.000000      52.467457
   10.400001      52.823784
   10.800000      53.131489
   11.200000      53.396938
   11.600000      53.625740
   12.000000      53.822807
   12.400001      53.992432
   12.800000      54.138355
   13.200000      54.263828
   13.600000      54.371674
   14.000000      54.464336
   14.400001      54.543930
   14.800000      54.612278
   15.200000      54.670956
   15.600000      54.721325
   16.000000      54.764553
   16.400000      54.801647
   16.800001      54.833473
   17.200001      54.860779
   17.600000      54.884201
   18.000000      54.904293
   18.400000      54.921524
   18.800001      54.936302
   19.200001      54.948978
   19.600000      54.959850
   20.000000      54.969173
