    0.000000       0.000000
    0.200000       1.962000
    0.400000       3.921506
    0.600000       5.873541
    0.800000       7.813186
    1.000000       9.735628
    1.200000      11.636209
    1.400000      13.510469
    1.600000      15.354188
    1.800000      17.163422
    2.000000      18.934532
    2.200000      20.664213
    2.400000      22.349510
    2.600000      23.987835
    2.800000      25.576965
    3.000000      27.115057
    3.200000      28.600630
    3.400000      30.032568
    3.600000      31.410101
    3.800000      32.732788
    4.000000      34.000500
    4.200000      35.213390
    4.400000      36.371883
    4.600000      37.476635
    4.800000      38.528519
    5.000000      39.528599
    5.200000      40.478092
    5.400000      41.378361
    5.600000      42.230877
    5.800000      43.037205
    6.000000      43.798977
    6.200000      44.517887
    6.400000      45.195652
    6.600000      45.834019
    6.800000      46.434727
    7.000000      46.999519
    7.200000      47.530117
    7.400000      48.028214
    7.600000      48.495464
    7.800000      48.933491
    8.000000      49.343864
    8.200000      49.728104
    8.400001      50.087673
    8.600000      50.423988
    8.800000      50.738396
    9.000000      51.032196
    9.200000      51.306618
    9.400001      51.562843
    9.600000      51.801987
    9.800000      52.025112
   10.000000      52.233227
   10.200000      52.427280
   10.400001      52.608173
   10.600000      52.776756
   10.800000      52.933826
   11.000000      53.080135
   11.200000      53.216396
   11.400001      53.343269
   11.600000      53.461384
   11.800000      53.571323
   12.000000      53.673637
   12.200000      53.768841
   12.400001      53.857414
   12.600000      53.939812
   12.800000      54.016453
   13.000000      54.087734
   13.200000      54.154022
   13.400001      54.215660
   13.600000      54.272968
   13.800000      54.326248
   14.000000      54.375778
   14.200000      54.421822
   14.400001      54.464619
   14.600000      54.504395
   14.800000      54.541363
   15.000000      54.575718
   15.200000      54.607643
   15.400001      54.637310
   15.600000      54.664879
   15.800000      54.690495
   16.000000      54.714294
   16.200001      54.736408
   16.400000      54.756950
   16.600000      54.776035
   16.800001      54.793766
   17.000000      54.810238
   17.200001      54.825542
   17.400000      54.839760
   17.600000      54.852966
   17.800001      54.865234
   18.000000      54.876629
   18.200001      54.887215
   18.400000      54.897045
   18.600000      54.906178
   18.800001      54.914661
   19.000000      54.922539
   19.200001      54.929855
   19.400000      54.936653
   19.600000      54.942966
   19.800001      54.948830
   20.000000      54.954277
