    0.000000       0.000000
    0.200000       1.961376
    0.400000       3.917771
    0.600000       5.864252
    0.800000       7.795987
    1.000000       9.708292
    1.200000      11.596673
    1.400000      13.456870
    1.600000      15.284889
    1.800000      17.077034
    2.000000      18.829931
    2.200000      20.540550
    2.400000      22.206213
    2.600000      23.824602
    2.800000      25.393766
    3.000000      26.912113
    3.200000      28.378399
    3.400000      29.791723
    3.600000      31.151508
    3.800000      32.457478
    4.000000      33.709644
    4.200000      34.908279
    4.400000      36.053894
    4.600000      37.147209
    4.800000      38.189137
    5.000000      39.180752
    5.200000      40.123280
    5.400000      41.018055
    5.600000      41.866512
    5.800000      42.670170
    6.000000      43.430603
    6.200000      44.149429
    6.400000      44.828293
    6.600000      45.468849
    6.800000      46.072765
    7.000000      46.641689
    7.200000      47.177258
    7.400000      47.681076
    7.600000      48.154716
    7.800000      48.599716
    8.000000      49.017567
    8.200000      49.409710
    8.400001      49.777546
    8.600000      50.122414
    8.800000      50.445602
    9.000000      50.748352
    9.200000      51.031841
    9.400001      51.297199
    9.600000      51.545502
    9.800000      51.777771
   10.000000      51.994976
   10.200000      52.198036
   10.400001      52.387821
   10.600000      52.565159
   10.800000      52.730827
   11.000000      52.885559
   11.200000      53.030048
   11.400001      53.164948
   11.600000      53.290871
   11.800000      53.408398
   12.000000      53.518070
   12.200000      53.620399
   12.400001      53.715866
   12.600000      53.804916
   12.800000      53.887974
   13.000000      53.965435
   13.200000      54.037666
   13.400001      54.105019
   13.600000      54.167812
   13.800000      54.226353
   14.000000      54.280922
   14.200000      54.331787
   14.400001      54.379196
   14.600000      54.423382
   14.800000      54.464561
   15.000000      54.502937
   15.200000      54.538700
   15.400001      54.572021
   15.600000      54.603069
   15.800000      54.632000
   16.000000      54.658955
   16.200001      54.684067
   16.400000      54.707462
   16.600000      54.729259
   16.800001      54.749565
   17.000000      54.768478
   17.200001      54.786098
   17.400000      54.802513
   17.600000      54.817802
   17.800001      54.832043
   18.000000      54.845306
   18.200001      54.857662
   18.400000      54.869171
   18.600000      54.879890
   18.800001      54.889874
   19.000000      54.899174
   19.200001      54.907833
   19.400000      54.915901
   19.600000      54.923412
   19.800001      54.930408
   20.000000      54.936924
