    0.000000       0.000000
    1.000000       9.707287
    2.000000      18.828541
    3.000000      26.911180
    4.000000      33.709782
    5.000000      39.182117
    6.000000      43.432991
    7.000000      46.644714
    8.000000      49.020836
    9.000000      50.751556
   10.000000      51.997913
   11.000000      52.888126
   12.000000      53.520245
   13.000000      53.967224
   14.000000      54.282360
   15.000000      54.504082
   16.000000      54.659847
   17.000000      54.769169
   18.000000      54.845837
   19.000000      54.899578
   20.000000      54.937233
